4.399839845829612E-7 4.399839845829612E-7 4.399839845829612E-7 4.399839845829612E-7 4.399839845829612E-7 4.399839845829612E-7 4.399839845829612E-7 4.399839845829612E-7 0.9999960401441388 4.399839845829612E-7 
3.5447165999078375E-6 0.03686859735564142 3.5447165999078375E-6 3.5447165999078375E-6 0.28748006096912554 0.640888305979937 3.5447165999078375E-6 3.5447165999078375E-6 0.03474176739569672 3.5447165999078375E-6 
3.7200996986719247E-6 3.7200996986719247E-6 3.7200996986719247E-6 3.7200996986719247E-6 0.8359101223912802 3.7200996986719247E-6 3.7200996986719247E-6 3.7200996986719247E-6 0.16406011681113053 3.7200996986719247E-6 
4.741358873453132E-6 0.2138400265516097 0.08060784220757669 4.741358873453132E-6 0.10573704423687828 4.741358873453132E-6 4.741358873453132E-6 0.045047650656678206 0.5547437295528899 4.741358873453132E-6 
6.027364233620638E-6 6.027364233620638E-6 0.6093725513832802 6.027364233620638E-6 0.30438792116207586 0.05485504189018143 6.027364233620638E-6 6.027364233620638E-6 0.031348321379060934 6.027364233620638E-6 
4.088140304975267E-6 0.022488859817668943 4.088140304975267E-6 0.0024569723232901355 0.9083888639058094 4.088140304975267E-6 4.088140304975267E-6 4.088140304975267E-6 4.088140304975267E-6 0.06664077511140182 
0.009572983533351941 3.987081854790479E-6 3.987081854790479E-6 0.008775567162393845 0.12440094095131773 3.987081854790479E-6 3.987081854790479E-6 0.20852836808739683 0.6487022048562657 3.987081854790479E-6 
8.438106488903891E-6 0.06751329001772004 8.438106488903891E-6 8.438106488903891E-6 0.9104801282592186 8.438106488903891E-6 8.438106488903891E-6 0.02194751497763902 8.438106488903891E-6 8.438106488903891E-6 
2.738975623116954E-5 0.7532456861133935 2.738975623116954E-5 2.738975623116954E-5 0.05480690221857026 2.738975623116954E-5 2.738975623116954E-5 2.738975623116954E-5 0.19175568337441798 2.738975623116954E-5 
8.848774444739404E-6 0.4548358552340501 0.03982833377577206 0.026555172108662952 0.09469073533315638 0.233616494115565 8.848774444739404E-6 8.848774444739404E-6 0.1504380143350146 8.848774444739404E-6 
7.715454054471107E-6 7.715454054471107E-6 7.715454054471107E-6 7.792608595015817E-4 7.715454054471107E-6 7.715454054471107E-6 7.715454054471107E-6 7.715454054471107E-6 0.48608132088573414 0.513085410076383 
8.089960359194241E-6 8.089960359194241E-6 0.12540247552786993 0.12216649138419222 0.3931801634171993 8.089960359194241E-6 0.05178383625920234 8.089960359194241E-6 0.30742658360974034 8.089960359194241E-6 
9.99900009999E-6 9.99900009999E-6 9.99900009999E-6 9.99900009999E-6 0.9999100089991001 9.99900009999E-6 9.99900009999E-6 9.99900009999E-6 9.99900009999E-6 9.99900009999E-6 
3.78343611668117E-6 3.78343611668117E-6 0.7196133328288752 3.78343611668117E-6 0.09269796829480534 3.78343611668117E-6 3.78343611668117E-6 3.78343611668117E-6 0.1876622148235027 3.78343611668117E-6 
3.3598350021622704E-4 3.326569309071555E-6 0.13339875586307842 3.326569309071555E-6 0.27644123615315525 0.03526496124546755 3.326569309071555E-6 3.326569309071555E-6 0.13073750041582116 0.42380825654502513 
1.1098779134295228E-4 1.1098779134295228E-4 1.1098779134295228E-4 1.1098779134295228E-4 0.4995560488346282 1.1098779134295228E-4 0.2997780244173141 0.19988901220865707 1.1098779134295228E-4 1.1098779134295228E-4 
0.03164758221094311 0.014066441424225282 0.3638547033373592 1.5287948510189417E-6 0.4626148507131828 0.01651251318585559 1.5287948510189417E-6 1.5287948510189417E-6 0.11129779394902997 1.5287948510189417E-6 
8.31186102568365E-6 8.31186102568365E-6 8.31186102568365E-6 0.09476352755381931 0.08063336381015711 0.672437868838833 0.01081373119441443 8.31186102568365E-6 0.14130994929764776 8.31186102568365E-6 
1.1640088464672332E-5 1.1640088464672332E-5 1.1640088464672332E-5 0.9475148411127924 1.1640088464672332E-5 0.0011756489349319054 1.1640088464672332E-5 1.1640088464672332E-5 0.05122802933302293 1.1640088464672332E-5 
2.690993245606954E-6 0.2742149027205942 0.041713086300153385 2.690993245606954E-6 0.6283496138424693 2.690993245606954E-6 2.690993245606954E-6 2.690993245606954E-6 0.05570625117730955 2.690993245606954E-6 
5.527610414018021E-6 5.527610414018021E-6 0.3604057266043889 5.527610414018021E-6 0.3388480459897187 0.2675418716488862 5.527610414018021E-6 5.527610414018021E-6 0.033171190094522136 5.527610414018021E-6 
3.0739909624665705E-6 0.03658356644431466 0.022135808920721776 3.0739909624665705E-6 0.8604131443853555 3.0739909624665705E-6 0.010762042359595462 3.0739909624665705E-6 0.04396114475423442 0.026131997171928316 
0.01805312729118493 0.5504540071061982 5.6398398285488696E-6 5.6398398285488696E-6 0.3101968304100164 5.6398398285488696E-6 0.015797191359765383 5.6398398285488696E-6 0.060915909988156346 0.04456037448536462 
1.1706723171117172E-6 5.865068308729703E-4 1.1706723171117172E-6 1.1706723171117172E-6 0.12268762950562508 1.1706723171117172E-6 1.1706723171117172E-6 1.1706723171117172E-6 0.8767176689572822 1.1706723171117172E-6 
4.0781371069695365E-6 0.019579136250560743 4.0781371069695365E-6 4.0781371069695365E-6 4.0781371069695365E-6 4.0781371069695365E-6 4.0781371069695365E-6 4.0781371069695365E-6 0.9449084458219487 0.035483870967741936 
1.6417665407978984E-5 0.006583483828599573 1.6417665407978984E-5 1.6417665407978984E-5 0.17240190444918732 1.6417665407978984E-5 0.6238877031686094 1.6417665407978984E-5 0.1970284025611558 1.6417665407978984E-5 
0.023987231265762507 0.050794518615191964 1.7636373256203594E-6 0.019930865416835683 0.31481102626055973 0.012876316114354244 0.02081268407964586 0.02433995873088658 0.29382374208567746 0.23862189379376023 
1.0659844366272252E-5 1.0659844366272252E-5 0.8261485982304658 1.0659844366272252E-5 0.17376612301460398 1.0659844366272252E-5 1.0659844366272252E-5 1.0659844366272252E-5 1.0659844366272252E-5 1.0659844366272252E-5 
1.5963985249277628E-6 1.5963985249277628E-6 1.5963985249277628E-6 1.5963985249277628E-6 0.05188454845867722 0.023787934419948593 1.5963985249277628E-6 1.5963985249277628E-6 0.9243163423316997 1.5963985249277628E-6 
2.4931438544003987E-5 2.4931438544003987E-5 0.10972326103216154 0.28922961854899026 2.4931438544003987E-5 0.4014210919970082 2.4931438544003987E-5 2.4931438544003987E-5 0.19947643979057592 2.4931438544003987E-5 
9.5047999239616E-6 9.5047999239616E-6 0.9628457370972342 9.599847923201217E-4 9.5047999239616E-6 9.5047999239616E-6 9.5047999239616E-6 9.5047999239616E-6 0.03612774451097805 9.5047999239616E-6 
7.462129691814045E-6 7.462129691814045E-6 7.462129691814045E-6 0.7357734497425565 7.462129691814045E-6 7.462129691814045E-6 7.462129691814045E-6 7.462129691814045E-6 0.26416685321990896 7.462129691814045E-6 
8.833141948591114E-6 8.833141948591114E-6 8.833141948591114E-6 8.833141948591114E-6 0.020325059623708158 8.833141948591114E-6 8.833141948591114E-6 0.566213232046639 0.4133998763360128 8.833141948591114E-6 
3.045901739209893E-6 3.045901739209893E-6 0.11818403338308306 3.045901739209893E-6 0.8166093021839116 0.03624927659833694 3.045901739209893E-6 3.045901739209893E-6 0.028939112424233197 3.045901739209893E-6 
0.04497475711679607 4.2425013788129485E-6 0.18497730261762335 4.2425013788129485E-6 0.06321751304569175 0.09206652242161979 4.2425013788129485E-6 0.02079249925756226 0.5939544355351916 4.2425013788129485E-6 
6.8913238233064575E-6 6.8913238233064575E-6 6.8913238233064575E-6 6.8913238233064575E-6 0.10130935152642823 6.8913238233064575E-6 6.8913238233064575E-6 6.8913238233064575E-6 0.15919647164220246 0.7394459375646062 
2.7456687076137397E-6 2.7456687076137397E-6 2.7456687076137397E-6 2.7456687076137397E-6 0.4815930369841575 0.04667911369814118 2.7456687076137397E-6 2.7456687076137397E-6 0.0653496609099146 0.40636171439554103 
4.889736443205711E-6 4.889736443205711E-6 0.26307271038091046 4.889736443205711E-6 0.42638990758398126 0.0014718106694049191 4.889736443205711E-6 4.889736443205711E-6 0.3090362329470442 4.889736443205711E-6 
1.5103458692040477E-5 1.5103458692040477E-5 1.5103458692040477E-5 1.5103458692040477E-5 0.012097870412324421 1.5103458692040477E-5 0.569415496148618 1.5103458692040477E-5 0.41838090922821325 1.5103458692040477E-5 
1.716414067729699E-6 0.03295686651447795 0.28423988603010586 1.716414067729699E-6 0.28200854774205725 0.0851358541734608 0.04891951734436415 1.716414067729699E-6 0.26673246253926297 1.716414067729699E-6 
3.5547971988198077E-6 3.5547971988198077E-6 3.5547971988198077E-6 3.5547971988198077E-6 0.12833173367459386 0.8606199566314743 3.5547971988198077E-6 3.5547971988198077E-6 0.011023426113540223 3.5547971988198077E-6 
3.829950210647261E-5 0.6051704327843738 3.829950210647261E-5 3.829950210647261E-5 0.3945231711987744 3.829950210647261E-5 3.829950210647261E-5 3.829950210647261E-5 3.829950210647261E-5 3.829950210647261E-5 
0.11335057624282074 3.8035829751626033E-6 3.8035829751626033E-6 3.8035829751626033E-6 0.886618995093378 3.8035829751626033E-6 3.8035829751626033E-6 3.8035829751626033E-6 3.8035829751626033E-6 3.8035829751626033E-6 
2.409058058299205E-5 0.004842206697181401 2.409058058299205E-5 0.2433389544688027 2.409058058299205E-5 0.08193206456275595 2.409058058299205E-5 2.409058058299205E-5 0.08675018067935436 0.5830161406889905 
9.379983116030392E-6 0.24295094268830317 9.379983116030392E-6 9.379983116030392E-6 0.0328393208892224 0.05066128880968015 9.379983116030392E-6 0.006575368164337305 0.6669261795328769 9.379983116030392E-6 
4.5411198401525815E-6 0.19027746242223334 0.04632396348939649 4.5411198401525815E-6 0.5880795604195995 0.07175423459425094 4.5411198401525815E-6 4.5411198401525815E-6 0.04995685936151856 0.053589755233640624 
0.3322305928594825 0.03135557531233916 4.679238220017781E-6 0.04211782321838005 0.0837630433765383 4.679238220017781E-6 4.679238220017781E-6 4.679238220017781E-6 0.5105095690421599 4.679238220017781E-6 
0.012266485622303496 0.057819583451961185 2.1900527802720045E-6 2.1900527802720045E-6 0.3786623157618098 2.1900527802720045E-6 0.5034953242373141 2.1900527802720045E-6 0.03986115065373075 0.007886380061759487 
1.3331555792560992E-5 1.3331555792560992E-5 1.3331555792560992E-5 0.04134115451273164 1.3331555792560992E-5 1.3331555792560992E-5 1.3331555792560992E-5 0.1 0.8585655245967204 1.3331555792560992E-5 
8.445161344807492E-7 8.445161344807492E-7 8.445161344807492E-7 8.445161344807492E-7 0.9999079477413416 8.445161344807492E-7 8.445161344807492E-7 8.445161344807492E-7 8.529612958255567E-5 8.445161344807492E-7 
0.13667805592357576 6.9730144341398795E-6 6.9730144341398795E-6 6.9730144341398795E-6 0.2893870720312391 6.9730144341398795E-6 0.5738860609441462 6.9730144341398795E-6 6.9730144341398795E-6 6.9730144341398795E-6 
0.006294145346099513 1.5696123057604773E-5 1.5696123057604773E-5 0.20877413278920104 0.7848218490032961 1.5696123057604773E-5 1.5696123057604773E-5 1.5696123057604773E-5 1.5696123057604773E-5 1.5696123057604773E-5 
1.298532658096351E-5 1.298532658096351E-5 0.07402934683807297 1.298532658096351E-5 0.5960394753928061 1.298532658096351E-5 1.298532658096351E-5 0.20128554733151538 0.07532787949616933 0.05325282430853136 
0.9435958855854587 4.69682025268893E-6 4.69682025268893E-6 4.69682025268893E-6 0.05636653985251985 4.69682025268893E-6 4.69682025268893E-6 4.69682025268893E-6 4.69682025268893E-6 4.69682025268893E-6 
8.423890152472412E-6 8.423890152472412E-6 8.423890152472412E-6 8.423890152472412E-6 0.009274703057872126 8.423890152472412E-6 0.8541908853508551 8.423890152472412E-6 0.13647544436020553 8.423890152472412E-6 
1.631055292774425E-5 0.9868047626814549 1.631055292774425E-5 1.631055292774425E-5 1.631055292774425E-5 1.631055292774425E-5 1.631055292774425E-5 1.631055292774425E-5 0.013064752895123145 1.631055292774425E-5 
4.968425654962713E-7 4.968425654962713E-7 4.968425654962713E-7 4.968425654962713E-7 4.968425654962713E-7 4.968425654962713E-7 4.968425654962713E-7 0.9999955284169105 4.968425654962713E-7 4.968425654962713E-7 
2.440750774938371E-6 0.6939078860657538 2.440750774938371E-6 2.440750774938371E-6 0.24017231700471062 2.440750774938371E-6 2.440750774938371E-6 0.014891020477899 0.05101413194698689 2.440750774938371E-6 
6.108362348054487E-6 0.004281962005986195 6.108362348054487E-6 0.02505039398937145 0.05498136949483844 0.3194734591655977 6.108362348054487E-6 6.108362348054487E-6 0.596182273532466 6.108362348054487E-6 
7.152564194263644E-6 7.152564194263644E-6 7.152564194263644E-6 7.152564194263644E-6 0.18525856519562264 0.11802446176954438 7.152564194263644E-6 7.152564194263644E-6 0.22674343752235177 0.4699306201273157 
3.197851044098366E-6 3.197851044098366E-6 0.3942982315883726 0.024946435995011354 0.4125259825397333 0.07291420165648684 3.197851044098366E-6 3.197851044098366E-6 0.0952991589651754 3.197851044098366E-6 
3.3045834572552133E-6 0.06312084861703182 0.01950034698126301 3.3045834572552133E-6 0.49635173986319026 3.3045834572552133E-6 3.3045834572552133E-6 9.946796206338191E-4 0.4200158620005948 3.3045834572552133E-6 
5.948486110284933E-6 5.948486110284933E-6 5.948486110284933E-6 5.948486110284933E-6 0.09934566652786865 5.948486110284933E-6 0.9006067455832492 5.948486110284933E-6 5.948486110284933E-6 5.948486110284933E-6 
6.056568348373812E-6 6.056568348373812E-6 0.29980618981285206 0.050275573859851014 0.15444854945188058 6.056568348373812E-6 6.056568348373812E-6 0.1308279328932227 0.36461147114045184 6.056568348373812E-6 
6.344775077723495E-6 6.344775077723495E-6 6.344775077723495E-6 6.344775077723495E-6 6.344775077723495E-6 6.344775077723495E-6 0.9999428970243005 6.344775077723495E-6 6.344775077723495E-6 6.344775077723495E-6 
6.115833893951441E-6 6.115833893951441E-6 6.115833893951441E-6 0.5314720812182742 0.1810347990948566 6.115833893951441E-6 6.115833893951441E-6 6.115833893951441E-6 0.26787964038896706 0.01957678429453856 
1.5946420028703556E-5 1.5946420028703556E-5 1.5946420028703556E-5 0.04147663849465795 0.9583957901451123 1.5946420028703556E-5 1.5946420028703556E-5 1.5946420028703556E-5 1.5946420028703556E-5 1.5946420028703556E-5 
5.117445371270662E-6 5.117445371270662E-6 0.05169131569520496 5.117445371270662E-6 0.7067243232178497 5.117445371270662E-6 5.117445371270662E-6 0.025080599764597512 0.21647305665012026 5.117445371270662E-6 
0.22128542690535 0.02928624175600316 2.546408291105396E-6 2.546408291105396E-6 0.7259835502024395 2.546408291105396E-6 0.009933538743602149 2.546408291105396E-6 0.013498510351149703 2.546408291105396E-6 
0.1503021724966862 0.028759183123272896 0.10918873986205656 0.015728696277324705 0.3131832580710386 2.246635663094516E-6 2.246635663094516E-6 0.0662779986969513 0.3165532115656804 2.246635663094516E-6 
1.4184195968851505E-6 1.4184195968851505E-6 1.4184195968851505E-6 1.4184195968851505E-6 0.035745592261102674 0.9642430603821223 1.4184195968851505E-6 1.4184195968851505E-6 1.4184195968851505E-6 1.4184195968851505E-6 
2.9930262488402024E-6 2.9930262488402024E-6 2.9930262488402024E-6 2.9930262488402024E-6 0.7093502140013769 2.9930262488402024E-6 2.9930262488402024E-6 2.9930262488402024E-6 2.9930262488402024E-6 0.2906258417886325 
0.8272125666121 3.482985615269409E-6 3.482985615269409E-6 3.482985615269409E-6 0.1264358608198948 3.482985615269409E-6 3.482985615269409E-6 3.482985615269409E-6 0.046327191668698406 3.482985615269409E-6 
4.391550656536823E-6 4.391550656536823E-6 4.391550656536823E-6 4.391550656536823E-6 0.06675596153001624 4.391550656536823E-6 4.391550656536823E-6 0.9332089060647316 4.391550656536823E-6 4.391550656536823E-6 
3.90152549646912E-6 0.001954664273731029 3.90152549646912E-6 3.90152549646912E-6 0.3488002809098358 3.90152549646912E-6 3.90152549646912E-6 0.001174359174437205 0.6480472864890172 3.90152549646912E-6 
0.04267809772788436 3.844527315366576E-6 3.844527315366576E-6 0.009230710084195149 0.8350351774249357 3.844527315366576E-6 3.844527315366576E-6 0.06305409249932721 0.03306677943946792 0.0169197647149283 
0.018417799752781214 2.5226407002850584E-6 0.03784213314497616 0.02951741883403547 0.09434928483136147 2.5226407002850584E-6 2.5226407002850584E-6 2.5226407002850584E-6 0.7661285033172726 0.053734769556772026 
1.6352962339127733E-6 1.6352962339127733E-6 1.6352962339127733E-6 0.9999852823338947 1.6352962339127733E-6 1.6352962339127733E-6 1.6352962339127733E-6 1.6352962339127733E-6 1.6352962339127733E-6 1.6352962339127733E-6 
5.854733058953105E-4 5.796765404904064E-6 5.796765404904064E-6 5.796765404904064E-6 5.796765404904064E-6 5.796765404904064E-6 0.001744826386876123 5.796765404904064E-6 0.02435221146600197 0.9732827082487973 
4.663961568956672E-6 4.663961568956672E-6 0.024723660277039317 0.27098083111795157 0.030320414159787326 4.663961568956672E-6 0.032185998787369996 4.663961568956672E-6 0.641765775850007 4.663961568956672E-6 
2.818409853160847E-6 2.818409853160847E-6 0.24294974775231815 0.011276457822496547 0.7257433555987712 2.818409853160847E-6 2.818409853160847E-6 2.818409853160847E-6 0.020013528367295173 2.818409853160847E-6 
5.202642942614849E-6 5.202642942614849E-6 5.202642942614849E-6 5.202642942614849E-6 0.05983559648301338 5.202642942614849E-6 0.19770563446230685 5.202642942614849E-6 0.7424223505540815 5.202642942614849E-6 
2.1298800877510595E-6 0.011290494345168366 0.17848608123362653 0.025986666950650678 0.281998253498328 0.18572767353198014 0.05814785627569167 2.1298800877510595E-6 0.2583565845242913 2.1298800877510595E-6 
2.002362788089946E-6 0.041250675797440975 0.06527902925452032 2.002362788089946E-6 0.6307462806111211 0.0552672153140706 2.002362788089946E-6 2.002362788089946E-6 0.17100378446566947 0.03644500510602511 
1.0797969981643451E-5 1.0797969981643451E-5 0.7796242306446388 0.09287333981211532 1.0797969981643451E-5 1.0797969981643451E-5 1.0797969981643451E-5 1.0797969981643451E-5 0.12742684375337437 1.0797969981643451E-5 
0.4520019651191353 2.4563989191844754E-5 0.14740849914026036 2.4563989191844754E-5 0.09828052075657086 0.19162367968558094 2.4563989191844754E-5 0.0344141488577745 0.00248096290837632 0.07371653156472611 
2.063089269872707E-6 0.5064904788430196 2.063089269872707E-6 2.063089269872707E-6 0.12853252460233952 0.03569350745806771 2.063089269872707E-6 2.063089269872707E-6 0.32927111056095393 2.063089269872707E-6 
0.01644473263703944 2.3158333526319444E-6 2.3158333526319444E-6 2.3158333526319444E-6 0.975894490632454 0.007644565897038048 2.3158333526319444E-6 2.3158333526319444E-6 2.3158333526319444E-6 2.3158333526319444E-6 
5.353032492907232E-6 5.353032492907232E-6 5.353032492907232E-6 5.353032492907232E-6 0.543338151062577 0.3243991221026712 0.06477704619667042 0.005358385525400139 0.0621005299502168 5.353032492907232E-6 
1.51398162026313E-6 0.411501718369139 0.07948554904543459 0.031038137197014426 0.22967252577553707 0.05041710193638249 0.019531876883014637 0.009085403703199043 0.13853083223569665 0.0307353408729618 
3.124023742580443E-5 3.124023742580443E-5 3.124023742580443E-5 3.124023742580443E-5 3.124023742580443E-5 3.124023742580443E-5 3.124023742580443E-5 0.896626054358013 0.10312402374258044 3.124023742580443E-5 
2.710688243745087E-6 2.710688243745087E-6 0.40335312135751267 0.018164321921335828 0.45187444092054974 2.710688243745087E-6 0.015182564853216231 2.710688243745087E-6 0.09325038627307473 0.018164321921335828 
3.459010722933241E-5 3.459010722933241E-5 3.459010722933241E-5 3.459010722933241E-5 0.14877205119335868 3.459010722933241E-5 3.459010722933241E-5 0.7956070563818747 0.05537876167416119 3.459010722933241E-5 
1.1285407967498025E-5 1.1285407967498025E-5 1.1285407967498025E-5 1.1285407967498025E-5 0.9536282586615505 0.0022683670014671028 0.01468231576571493 1.1285407967498025E-5 0.029353346123462364 1.1285407967498025E-5 
0.45605350180149057 4.935590543408519E-6 0.019253738709836633 4.935590543408519E-6 0.4955382261487587 4.935590543408519E-6 0.02912491979665367 4.935590543408519E-6 4.935590543408519E-6 4.935590543408519E-6 
0.6607225417988281 5.37605505080372E-6 5.37605505080372E-6 5.37605505080372E-6 0.33923444976076556 5.37605505080372E-6 5.37605505080372E-6 5.37605505080372E-6 5.37605505080372E-6 5.37605505080372E-6 
9.786555230424444E-7 0.029360644346796368 0.07623824390052945 0.014778677053463949 0.08768851352012605 0.032198745363619455 0.05040173809220892 9.786555230424444E-7 0.7011097953631301 0.008221685049079575 
4.249713144362756E-6 0.17764225914750756 4.249713144362756E-6 4.249713144362756E-6 0.6187624835323616 4.249713144362756E-6 0.017003102290595384 4.249713144362756E-6 0.18656665675066933 4.249713144362756E-6 
3.362361722874147E-6 3.362361722874147E-6 3.362361722874147E-6 3.362361722874147E-6 0.979459332234962 3.362361722874147E-6 3.362361722874147E-6 3.362361722874147E-6 0.02051376887125517 3.362361722874147E-6 
6.770022341073726E-6 6.770022341073726E-6 6.770022341073726E-6 0.7081511068986528 0.28976372622029656 6.770022341073726E-6 6.770022341073726E-6 6.770022341073726E-6 0.0020377767246631913 6.770022341073726E-6 
