0.00909090909090909 0.00909090909090909 0.00909090909090909 0.00909090909090909 0.00909090909090909 0.00909090909090909 0.00909090909090909 0.00909090909090909 0.9181818181818181 0.00909090909090909 
8.264462809917356E-4 8.264462809917356E-4 8.264462809917356E-4 8.264462809917356E-4 8.264462809917356E-4 8.264462809917356E-4 8.264462809917356E-4 0.9925619834710744 8.264462809917356E-4 8.264462809917356E-4 
9.009009009009009E-4 9.009009009009009E-4 9.009009009009009E-4 9.009009009009009E-4 0.2711711711711712 9.009009009009009E-4 9.009009009009009E-4 9.009009009009009E-4 0.7216216216216216 9.009009009009009E-4 
6.211180124223602E-4 0.4975155279503105 6.211180124223602E-4 6.211180124223602E-4 6.211180124223602E-4 6.211180124223602E-4 6.211180124223602E-4 0.06273291925465838 0.4354037267080745 6.211180124223602E-4 
5.235602094240837E-4 5.235602094240837E-4 5.235602094240837E-4 5.235602094240837E-4 5.235602094240837E-4 5.235602094240837E-4 5.235602094240837E-4 5.235602094240837E-4 0.9952879581151832 5.235602094240837E-4 
9.009009009009009E-4 9.009009009009009E-4 9.009009009009009E-4 0.18108108108108106 0.09099099099099099 9.009009009009009E-4 9.009009009009009E-4 9.009009009009009E-4 0.7216216216216216 9.009009009009009E-4 
0.6934195064629848 1.1750881316098709E-4 1.1750881316098709E-4 1.1750881316098709E-4 0.3056404230317274 1.1750881316098709E-4 1.1750881316098709E-4 1.1750881316098709E-4 1.1750881316098709E-4 1.1750881316098709E-4 
0.7796536796536797 4.329004329004329E-4 4.329004329004329E-4 4.329004329004329E-4 0.04372294372294372 4.329004329004329E-4 4.329004329004329E-4 4.329004329004329E-4 0.17359307359307358 4.329004329004329E-4 
7.092198581560284E-4 7.092198581560284E-4 7.092198581560284E-4 7.092198581560284E-4 0.07163120567375887 7.092198581560284E-4 0.14255319148936169 7.092198581560284E-4 0.7808510638297872 7.092198581560284E-4 
1.1223344556677892E-4 1.1223344556677892E-4 1.1223344556677892E-4 1.1223344556677892E-4 1.1223344556677892E-4 1.1223344556677892E-4 0.9092031425364759 1.1223344556677892E-4 0.08989898989898991 1.1223344556677892E-4 
1.2970168612191958E-4 1.2970168612191958E-4 1.2970168612191958E-4 1.2970168612191958E-4 0.026070038910505834 1.2970168612191958E-4 0.8691309987029833 1.2970168612191958E-4 0.1038910505836576 1.2970168612191958E-4 
9.009009009009009E-4 9.009009009009009E-4 9.009009009009009E-4 9.009009009009009E-4 9.009009009009009E-4 9.009009009009009E-4 9.009009009009009E-4 9.009009009009009E-4 0.9918918918918919 9.009009009009009E-4 
5.235602094240837E-4 5.235602094240837E-4 5.235602094240837E-4 5.235602094240837E-4 5.235602094240837E-4 5.235602094240837E-4 5.235602094240837E-4 5.235602094240837E-4 0.9952879581151832 5.235602094240837E-4 
0.8698209718670076 2.557544757033248E-4 2.557544757033248E-4 2.557544757033248E-4 0.07698209718670077 2.557544757033248E-4 2.557544757033248E-4 2.557544757033248E-4 0.05140664961636828 2.557544757033248E-4 
5.235602094240837E-4 0.6287958115183245 5.235602094240837E-4 5.235602094240837E-4 0.1575916230366492 5.235602094240837E-4 5.235602094240837E-4 5.235602094240837E-4 0.20994764397905757 5.235602094240837E-4 
0.001098901098901099 0.001098901098901099 0.001098901098901099 0.001098901098901099 0.110989010989011 0.001098901098901099 0.001098901098901099 0.001098901098901099 0.8802197802197802 0.001098901098901099 
0.0012345679012345679 0.0012345679012345679 0.0012345679012345679 0.0012345679012345679 0.0012345679012345679 0.0012345679012345679 0.0012345679012345679 0.9888888888888889 0.0012345679012345679 0.0012345679012345679 
6.211180124223602E-4 6.211180124223602E-4 6.211180124223602E-4 6.211180124223602E-4 0.06273291925465838 6.211180124223602E-4 0.12484472049689438 6.211180124223602E-4 0.8080745341614906 6.211180124223602E-4 
3.0211480362537764E-4 3.0211480362537764E-4 3.0211480362537764E-4 3.0211480362537764E-4 0.12114803625377642 3.0211480362537764E-4 3.0211480362537764E-4 3.0211480362537764E-4 0.1513595166163142 0.7253776435045317 
3.558718861209964E-4 3.558718861209964E-4 3.558718861209964E-4 3.558718861209964E-4 0.10711743772241991 3.558718861209964E-4 3.558718861209964E-4 0.8900355871886121 3.558718861209964E-4 3.558718861209964E-4 
2.932551319648094E-4 0.9093841642228739 2.932551319648094E-4 2.932551319648094E-4 2.932551319648094E-4 2.932551319648094E-4 2.932551319648094E-4 2.932551319648094E-4 0.08826979472140761 2.932551319648094E-4 
7.092198581560284E-4 7.092198581560284E-4 7.092198581560284E-4 7.092198581560284E-4 0.21347517730496454 7.092198581560284E-4 0.5680851063829787 7.092198581560284E-4 0.21347517730496454 7.092198581560284E-4 
7.092198581560284E-4 7.092198581560284E-4 0.07163120567375887 0.07163120567375887 0.07163120567375887 0.07163120567375887 7.092198581560284E-4 7.092198581560284E-4 0.7099290780141844 7.092198581560284E-4 
0.28439716312056734 0.07163120567375887 7.092198581560284E-4 0.07163120567375887 0.07163120567375887 7.092198581560284E-4 7.092198581560284E-4 7.092198581560284E-4 0.4971631205673759 7.092198581560284E-4 
1.4265335235378034E-4 1.4265335235378034E-4 1.4265335235378034E-4 1.4265335235378034E-4 1.4265335235378034E-4 1.4265335235378034E-4 0.8845934379457918 1.4265335235378034E-4 0.11426533523537803 1.4265335235378034E-4 
7.633587786259542E-4 7.633587786259542E-4 0.07709923664122138 7.633587786259542E-4 0.2297709923664122 0.07709923664122138 0.07709923664122138 7.633587786259542E-4 0.5351145038167939 7.633587786259542E-4 
0.42326283987915403 0.03051359516616314 3.0211480362537764E-4 0.0607250755287009 0.12114803625377642 3.0211480362537764E-4 3.0211480362537764E-4 3.0211480362537764E-4 0.3628398791540785 3.0211480362537764E-4 
0.001098901098901099 0.001098901098901099 0.001098901098901099 0.001098901098901099 0.22087912087912087 0.001098901098901099 0.001098901098901099 0.001098901098901099 0.7703296703296704 0.001098901098901099 
5.847953216374269E-4 5.847953216374269E-4 0.11754385964912278 0.05906432748538011 0.29298245614035084 0.17602339181286547 0.11754385964912278 5.847953216374269E-4 0.23450292397660816 5.847953216374269E-4 
6.622516556291391E-4 6.622516556291391E-4 6.622516556291391E-4 6.622516556291391E-4 6.622516556291391E-4 6.622516556291391E-4 6.622516556291391E-4 6.622516556291391E-4 0.9940397350993377 6.622516556291391E-4 
7.633587786259542E-4 7.633587786259542E-4 7.633587786259542E-4 7.633587786259542E-4 7.633587786259542E-4 7.633587786259542E-4 7.633587786259542E-4 7.633587786259542E-4 0.9931297709923664 7.633587786259542E-4 
7.633587786259542E-4 7.633587786259542E-4 7.633587786259542E-4 7.633587786259542E-4 7.633587786259542E-4 7.633587786259542E-4 7.633587786259542E-4 7.633587786259542E-4 0.9931297709923664 7.633587786259542E-4 
0.0012345679012345679 0.0012345679012345679 0.0012345679012345679 0.0012345679012345679 0.0012345679012345679 0.0012345679012345679 0.0012345679012345679 0.0012345679012345679 0.9888888888888889 0.0012345679012345679 
2.7700831024930745E-4 2.7700831024930745E-4 2.7700831024930745E-4 2.7700831024930745E-4 0.19418282548476454 2.7700831024930745E-4 2.7700831024930745E-4 0.7481994459833795 0.055678670360110795 2.7700831024930745E-4 
2.557544757033248E-4 0.025831202046035805 2.557544757033248E-4 2.557544757033248E-4 0.17928388746803067 0.7163682864450128 2.557544757033248E-4 2.557544757033248E-4 0.07698209718670077 2.557544757033248E-4 
3.0211480362537764E-4 3.0211480362537764E-4 3.0211480362537764E-4 3.0211480362537764E-4 0.5441087613293052 0.18157099697885196 0.21178247734138972 3.0211480362537764E-4 0.0607250755287009 3.0211480362537764E-4 
9.900990099009901E-4 9.900990099009901E-4 9.900990099009901E-4 9.900990099009901E-4 9.900990099009901E-4 9.900990099009901E-4 9.900990099009901E-4 0.9910891089108911 9.900990099009901E-4 9.900990099009901E-4 
0.04372294372294372 0.087012987012987 4.329004329004329E-4 4.329004329004329E-4 0.21688311688311687 4.329004329004329E-4 0.04372294372294372 0.087012987012987 0.21688311688311687 0.30346320346320343 
0.0016393442622950822 0.0016393442622950822 0.0016393442622950822 0.0016393442622950822 0.1655737704918033 0.0016393442622950822 0.0016393442622950822 0.0016393442622950822 0.8213114754098361 0.0016393442622950822 
0.1497512437810945 4.975124378109452E-4 4.975124378109452E-4 4.975124378109452E-4 0.3487562189054726 4.975124378109452E-4 0.49800995024875616 4.975124378109452E-4 4.975124378109452E-4 4.975124378109452E-4 
0.0014084507042253522 0.0014084507042253522 0.0014084507042253522 0.0014084507042253522 0.14225352112676057 0.0014084507042253522 0.2830985915492958 0.0014084507042253522 0.14225352112676057 0.423943661971831 
1.7513134851138354E-4 1.7513134851138354E-4 1.7513134851138354E-4 1.7513134851138354E-4 1.7513134851138354E-4 1.7513134851138354E-4 0.9984238178633975 1.7513134851138354E-4 1.7513134851138354E-4 1.7513134851138354E-4 
0.199009900990099 9.900990099009901E-4 0.1 9.900990099009901E-4 0.199009900990099 9.900990099009901E-4 9.900990099009901E-4 0.199009900990099 0.298019801980198 9.900990099009901E-4 
8.264462809917356E-4 8.264462809917356E-4 8.264462809917356E-4 0.24876033057851238 0.0834710743801653 8.264462809917356E-4 8.264462809917356E-4 8.264462809917356E-4 0.6619834710743802 8.264462809917356E-4 
5.235602094240837E-4 5.235602094240837E-4 5.235602094240837E-4 5.235602094240837E-4 0.20994764397905757 5.235602094240837E-4 5.235602094240837E-4 5.235602094240837E-4 0.7858638743455497 5.235602094240837E-4 
4.329004329004329E-4 0.39004329004329 0.04372294372294372 0.04372294372294372 0.26017316017316017 0.087012987012987 0.087012987012987 4.329004329004329E-4 0.087012987012987 4.329004329004329E-4 
7.633587786259542E-4 7.633587786259542E-4 7.633587786259542E-4 7.633587786259542E-4 7.633587786259542E-4 7.633587786259542E-4 7.633587786259542E-4 0.9931297709923664 7.633587786259542E-4 7.633587786259542E-4 
0.0014084507042253522 0.0014084507042253522 0.0014084507042253522 0.0014084507042253522 0.0014084507042253522 0.0014084507042253522 0.0014084507042253522 0.0014084507042253522 0.2830985915492958 0.7056338028169015 
7.092198581560284E-4 7.092198581560284E-4 7.092198581560284E-4 7.092198581560284E-4 0.4971631205673759 7.092198581560284E-4 7.092198581560284E-4 7.092198581560284E-4 0.4971631205673759 7.092198581560284E-4 
7.092198581560284E-4 7.092198581560284E-4 7.092198581560284E-4 7.092198581560284E-4 0.21347517730496454 7.092198581560284E-4 7.092198581560284E-4 7.092198581560284E-4 0.7808510638297872 7.092198581560284E-4 
7.092198581560284E-4 7.092198581560284E-4 0.14255319148936169 7.092198581560284E-4 0.14255319148936169 7.092198581560284E-4 0.07163120567375887 7.092198581560284E-4 0.6390070921985815 7.092198581560284E-4 
0.002439024390243903 0.002439024390243903 0.002439024390243903 0.002439024390243903 0.24634146341463417 0.002439024390243903 0.002439024390243903 0.002439024390243903 0.7341463414634146 0.002439024390243903 
9.900990099009901E-4 9.900990099009901E-4 9.900990099009901E-4 9.900990099009901E-4 9.900990099009901E-4 9.900990099009901E-4 9.900990099009901E-4 9.900990099009901E-4 0.9910891089108911 9.900990099009901E-4 
7.633587786259542E-4 7.633587786259542E-4 7.633587786259542E-4 7.633587786259542E-4 7.633587786259542E-4 7.633587786259542E-4 7.633587786259542E-4 7.633587786259542E-4 0.9931297709923664 7.633587786259542E-4 
5.847953216374269E-4 5.847953216374269E-4 0.17602339181286547 0.05906432748538011 0.11754385964912278 0.05906432748538011 5.847953216374269E-4 5.847953216374269E-4 0.5269005847953215 0.05906432748538011 
5.524861878453038E-4 5.524861878453038E-4 5.524861878453038E-4 0.44254143646408833 0.22154696132596682 5.524861878453038E-4 5.524861878453038E-4 5.524861878453038E-4 0.33204419889502756 5.524861878453038E-4 
4.149377593360996E-4 0.041908713692946055 0.041908713692946055 4.149377593360996E-4 0.083402489626556 0.041908713692946055 0.20788381742738588 4.149377593360996E-4 0.5813278008298755 4.149377593360996E-4 
7.092198581560284E-4 7.092198581560284E-4 7.092198581560284E-4 7.092198581560284E-4 7.092198581560284E-4 7.092198581560284E-4 7.092198581560284E-4 7.092198581560284E-4 0.9936170212765958 7.092198581560284E-4 
0.0014084507042253522 0.0014084507042253522 0.0014084507042253522 0.0014084507042253522 0.0014084507042253522 0.0014084507042253522 0.7056338028169015 0.0014084507042253522 0.2830985915492958 0.0014084507042253522 
0.0014084507042253522 0.0014084507042253522 0.0014084507042253522 0.0014084507042253522 0.0014084507042253522 0.0014084507042253522 0.9873239436619718 0.0014084507042253522 0.0014084507042253522 0.0014084507042253522 
0.795364238410596 6.622516556291391E-4 6.622516556291391E-4 6.622516556291391E-4 0.19933774834437085 6.622516556291391E-4 6.622516556291391E-4 6.622516556291391E-4 6.622516556291391E-4 6.622516556291391E-4 
0.001098901098901099 0.001098901098901099 0.001098901098901099 0.001098901098901099 0.001098901098901099 0.001098901098901099 0.001098901098901099 0.001098901098901099 0.9901098901098901 0.001098901098901099 
0.001098901098901099 0.001098901098901099 0.001098901098901099 0.001098901098901099 0.001098901098901099 0.001098901098901099 0.110989010989011 0.001098901098901099 0.8802197802197802 0.001098901098901099 
1.490312965722802E-4 1.490312965722802E-4 1.490312965722802E-4 1.490312965722802E-4 1.490312965722802E-4 1.490312965722802E-4 0.9986587183308496 1.490312965722802E-4 1.490312965722802E-4 1.490312965722802E-4 
0.06688741721854305 0.06688741721854305 0.06688741721854305 6.622516556291391E-4 0.26556291390728476 6.622516556291391E-4 6.622516556291391E-4 0.13311258278145693 0.3980132450331126 6.622516556291391E-4 
4.975124378109452E-4 4.975124378109452E-4 4.975124378109452E-4 0.19950248756218902 4.975124378109452E-4 4.975124378109452E-4 0.05024875621890547 4.975124378109452E-4 0.7467661691542288 4.975124378109452E-4 
6.622516556291391E-4 6.622516556291391E-4 6.622516556291391E-4 6.622516556291391E-4 0.13311258278145693 6.622516556291391E-4 6.622516556291391E-4 6.622516556291391E-4 0.8615894039735099 6.622516556291391E-4 
0.15343511450381678 0.07709923664122138 0.07709923664122138 7.633587786259542E-4 0.3061068702290076 7.633587786259542E-4 7.633587786259542E-4 0.07709923664122138 0.3061068702290076 7.633587786259542E-4 
8.264462809917356E-4 8.264462809917356E-4 8.264462809917356E-4 8.264462809917356E-4 8.264462809917356E-4 8.264462809917356E-4 8.264462809917356E-4 0.9925619834710744 8.264462809917356E-4 8.264462809917356E-4 
7.092198581560284E-4 7.092198581560284E-4 7.092198581560284E-4 7.092198581560284E-4 7.092198581560284E-4 7.092198581560284E-4 7.092198581560284E-4 0.9936170212765958 7.092198581560284E-4 7.092198581560284E-4 
5.847953216374269E-4 5.847953216374269E-4 5.847953216374269E-4 5.847953216374269E-4 0.17602339181286547 5.847953216374269E-4 5.847953216374269E-4 0.11754385964912278 0.7023391812865496 5.847953216374269E-4 
0.298019801980198 9.900990099009901E-4 9.900990099009901E-4 9.900990099009901E-4 0.199009900990099 9.900990099009901E-4 9.900990099009901E-4 9.900990099009901E-4 0.49603960396039604 9.900990099009901E-4 
3.0211480362537764E-4 0.03051359516616314 0.27220543806646524 3.0211480362537764E-4 0.09093655589123865 0.12114803625377642 0.1513595166163142 3.0211480362537764E-4 0.33262839879154077 3.0211480362537764E-4 
4.975124378109452E-4 4.975124378109452E-4 0.05024875621890547 0.1497512437810945 0.5477611940298507 4.975124378109452E-4 0.09999999999999998 4.975124378109452E-4 0.1497512437810945 4.975124378109452E-4 
1.5128593040847203E-4 1.5128593040847203E-4 1.5128593040847203E-4 1.5128593040847203E-4 1.5128593040847203E-4 1.5128593040847203E-4 0.998638426626324 1.5128593040847203E-4 1.5128593040847203E-4 1.5128593040847203E-4 
7.092198581560284E-4 0.07163120567375887 0.07163120567375887 7.092198581560284E-4 7.092198581560284E-4 7.092198581560284E-4 0.07163120567375887 7.092198581560284E-4 0.7808510638297872 7.092198581560284E-4 
2.849002849002849E-4 0.08575498575498575 2.849002849002849E-4 2.849002849002849E-4 0.6555555555555556 2.849002849002849E-4 0.028774928774928776 2.849002849002849E-4 0.2282051282051282 2.849002849002849E-4 
5.847953216374269E-4 0.17602339181286547 5.847953216374269E-4 5.847953216374269E-4 5.847953216374269E-4 5.847953216374269E-4 0.05906432748538011 5.847953216374269E-4 0.7608187134502923 5.847953216374269E-4 
8.264462809917356E-4 8.264462809917356E-4 8.264462809917356E-4 8.264462809917356E-4 8.264462809917356E-4 8.264462809917356E-4 8.264462809917356E-4 8.264462809917356E-4 0.9925619834710744 8.264462809917356E-4 
7.633587786259542E-4 7.633587786259542E-4 7.633587786259542E-4 7.633587786259542E-4 0.07709923664122138 7.633587786259542E-4 7.633587786259542E-4 0.916793893129771 7.633587786259542E-4 7.633587786259542E-4 
0.03355481727574751 0.09999999999999999 3.322259136212624E-4 3.322259136212624E-4 0.2661129568106312 3.322259136212624E-4 0.49867109634551493 3.322259136212624E-4 0.06677740863787375 0.03355481727574751 
0.001098901098901099 0.001098901098901099 0.001098901098901099 0.001098901098901099 0.001098901098901099 0.001098901098901099 0.001098901098901099 0.001098901098901099 0.9901098901098901 0.001098901098901099 
0.06273291925465838 6.211180124223602E-4 0.3111801242236024 6.211180124223602E-4 6.211180124223602E-4 6.211180124223602E-4 6.211180124223602E-4 6.211180124223602E-4 0.6217391304347826 6.211180124223602E-4 
9.009009009009009E-4 9.009009009009009E-4 9.009009009009009E-4 9.009009009009009E-4 9.009009009009009E-4 9.009009009009009E-4 9.009009009009009E-4 9.009009009009009E-4 0.9918918918918919 9.009009009009009E-4 
1.7211703958691912E-4 1.7211703958691912E-4 1.7211703958691912E-4 1.7211703958691912E-4 1.7211703958691912E-4 1.7211703958691912E-4 0.9984509466437177 1.7211703958691912E-4 1.7211703958691912E-4 1.7211703958691912E-4 
7.092198581560284E-4 7.092198581560284E-4 7.092198581560284E-4 7.092198581560284E-4 0.07163120567375887 7.092198581560284E-4 0.6390070921985815 7.092198581560284E-4 0.28439716312056734 7.092198581560284E-4 
8.264462809917356E-4 8.264462809917356E-4 8.264462809917356E-4 8.264462809917356E-4 8.264462809917356E-4 8.264462809917356E-4 8.264462809917356E-4 8.264462809917356E-4 0.9925619834710744 8.264462809917356E-4 
0.0012345679012345679 0.0012345679012345679 0.0012345679012345679 0.0012345679012345679 0.0012345679012345679 0.0012345679012345679 0.0012345679012345679 0.6185185185185185 0.3716049382716049 0.0012345679012345679 
8.264462809917356E-4 8.264462809917356E-4 8.264462809917356E-4 8.264462809917356E-4 0.0834710743801653 8.264462809917356E-4 8.264462809917356E-4 8.264462809917356E-4 0.9099173553719009 8.264462809917356E-4 
7.633587786259542E-4 7.633587786259542E-4 7.633587786259542E-4 7.633587786259542E-4 7.633587786259542E-4 7.633587786259542E-4 7.633587786259542E-4 0.9931297709923664 7.633587786259542E-4 7.633587786259542E-4 
0.002439024390243903 0.002439024390243903 0.002439024390243903 0.002439024390243903 0.24634146341463417 0.002439024390243903 0.002439024390243903 0.002439024390243903 0.7341463414634146 0.002439024390243903 
9.009009009009009E-4 9.009009009009009E-4 9.009009009009009E-4 9.009009009009009E-4 9.009009009009009E-4 9.009009009009009E-4 9.009009009009009E-4 0.09099099099099099 0.9018018018018018 9.009009009009009E-4 
9.009009009009009E-4 9.009009009009009E-4 9.009009009009009E-4 9.009009009009009E-4 9.009009009009009E-4 9.009009009009009E-4 9.009009009009009E-4 9.009009009009009E-4 0.9918918918918919 9.009009009009009E-4 
9.009009009009009E-4 9.009009009009009E-4 9.009009009009009E-4 9.009009009009009E-4 9.009009009009009E-4 9.009009009009009E-4 9.009009009009009E-4 9.009009009009009E-4 0.9918918918918919 9.009009009009009E-4 
0.0014084507042253522 0.0014084507042253522 0.0014084507042253522 0.0014084507042253522 0.0014084507042253522 0.0014084507042253522 0.9873239436619718 0.0014084507042253522 0.0014084507042253522 0.0014084507042253522 
0.0014084507042253522 0.0014084507042253522 0.0014084507042253522 0.0014084507042253522 0.14225352112676057 0.0014084507042253522 0.14225352112676057 0.0014084507042253522 0.7056338028169015 0.0014084507042253522 
9.009009009009009E-4 9.009009009009009E-4 9.009009009009009E-4 9.009009009009009E-4 9.009009009009009E-4 9.009009009009009E-4 9.009009009009009E-4 9.009009009009009E-4 0.9918918918918919 9.009009009009009E-4 
1.4064697609001407E-4 1.4064697609001407E-4 1.4064697609001407E-4 1.4064697609001407E-4 1.4064697609001407E-4 1.4064697609001407E-4 0.99873417721519 1.4064697609001407E-4 1.4064697609001407E-4 1.4064697609001407E-4 
9.900990099009901E-4 9.900990099009901E-4 9.900990099009901E-4 9.900990099009901E-4 9.900990099009901E-4 0.298019801980198 9.900990099009901E-4 9.900990099009901E-4 0.694059405940594 9.900990099009901E-4 
7.092198581560284E-4 7.092198581560284E-4 7.092198581560284E-4 0.07163120567375887 0.21347517730496454 7.092198581560284E-4 7.092198581560284E-4 0.14255319148936169 0.5680851063829787 7.092198581560284E-4 
0.298019801980198 9.900990099009901E-4 9.900990099009901E-4 0.1 0.1 9.900990099009901E-4 9.900990099009901E-4 9.900990099009901E-4 0.49603960396039604 9.900990099009901E-4 
6.622516556291391E-4 0.06688741721854305 0.06688741721854305 0.06688741721854305 0.06688741721854305 0.06688741721854305 0.06688741721854305 6.622516556291391E-4 0.5304635761589404 0.06688741721854305 
5.524861878453038E-4 5.524861878453038E-4 5.524861878453038E-4 5.524861878453038E-4 0.33204419889502756 5.524861878453038E-4 0.6082872928176795 5.524861878453038E-4 0.055801104972375684 5.524861878453038E-4 
0.001098901098901099 0.001098901098901099 0.001098901098901099 0.001098901098901099 0.001098901098901099 0.001098901098901099 0.110989010989011 0.001098901098901099 0.8802197802197802 0.001098901098901099 
4.739336492890995E-4 0.19004739336492887 0.23744075829383884 4.739336492890995E-4 0.04786729857819905 4.739336492890995E-4 4.739336492890995E-4 0.04786729857819905 0.4744075829383886 4.739336492890995E-4 
4.329004329004329E-4 4.329004329004329E-4 0.17359307359307358 4.329004329004329E-4 0.26017316017316017 0.17359307359307358 4.329004329004329E-4 4.329004329004329E-4 0.39004329004329 4.329004329004329E-4 
0.023990498812351543 0.07149643705463182 2.3752969121140142E-4 2.3752969121140142E-4 0.2852731591448931 2.3752969121140142E-4 0.594061757719715 2.3752969121140142E-4 0.023990498812351543 2.3752969121140142E-4 
0.0016393442622950822 0.0016393442622950822 0.0016393442622950822 0.0016393442622950822 0.0016393442622950822 0.0016393442622950822 0.0016393442622950822 0.0016393442622950822 0.9852459016393443 0.0016393442622950822 
7.633587786259542E-4 7.633587786259542E-4 7.633587786259542E-4 7.633587786259542E-4 0.15343511450381678 7.633587786259542E-4 7.633587786259542E-4 7.633587786259542E-4 0.8404580152671756 7.633587786259542E-4 
4.329004329004329E-4 4.329004329004329E-4 4.329004329004329E-4 4.329004329004329E-4 0.087012987012987 4.329004329004329E-4 0.5199134199134199 4.329004329004329E-4 0.39004329004329 4.329004329004329E-4 
0.0012345679012345679 0.0012345679012345679 0.0012345679012345679 0.0012345679012345679 0.0012345679012345679 0.0012345679012345679 0.0012345679012345679 0.0012345679012345679 0.9888888888888889 0.0012345679012345679 
6.211180124223602E-4 6.211180124223602E-4 0.12484472049689438 6.211180124223602E-4 0.06273291925465838 6.211180124223602E-4 0.06273291925465838 6.211180124223602E-4 0.7459627329192546 6.211180124223602E-4 
0.49344262295081964 0.0016393442622950822 0.0016393442622950822 0.0016393442622950822 0.0016393442622950822 0.0016393442622950822 0.0016393442622950822 0.0016393442622950822 0.49344262295081964 0.0016393442622950822 
9.009009009009009E-4 9.009009009009009E-4 9.009009009009009E-4 9.009009009009009E-4 9.009009009009009E-4 9.009009009009009E-4 9.009009009009009E-4 9.009009009009009E-4 0.9918918918918919 9.009009009009009E-4 
0.001098901098901099 0.001098901098901099 0.001098901098901099 0.001098901098901099 0.001098901098901099 0.001098901098901099 0.001098901098901099 0.001098901098901099 0.9901098901098901 0.001098901098901099 
0.0016393442622950822 0.0016393442622950822 0.0016393442622950822 0.1655737704918033 0.0016393442622950822 0.0016393442622950822 0.1655737704918033 0.0016393442622950822 0.6573770491803279 0.0016393442622950822 
0.07163120567375887 7.092198581560284E-4 7.092198581560284E-4 7.092198581560284E-4 0.07163120567375887 7.092198581560284E-4 7.092198581560284E-4 0.3553191489361702 0.4971631205673759 7.092198581560284E-4 
9.009009009009009E-4 9.009009009009009E-4 9.009009009009009E-4 9.009009009009009E-4 0.09099099099099099 9.009009009009009E-4 9.009009009009009E-4 9.009009009009009E-4 0.9018018018018018 9.009009009009009E-4 
1.4064697609001407E-4 0.21111111111111114 0.09859353023909986 1.4064697609001407E-4 0.12672292545710268 1.4064697609001407E-4 1.4064697609001407E-4 0.014205344585091421 0.5486638537271449 1.4064697609001407E-4 
1.4064697609001407E-4 1.4064697609001407E-4 1.4064697609001407E-4 1.4064697609001407E-4 1.4064697609001407E-4 1.4064697609001407E-4 0.99873417721519 1.4064697609001407E-4 1.4064697609001407E-4 1.4064697609001407E-4 
0.0012345679012345679 0.0012345679012345679 0.0012345679012345679 0.0012345679012345679 0.0012345679012345679 0.0012345679012345679 0.0012345679012345679 0.0012345679012345679 0.9888888888888889 0.0012345679012345679 
0.07709923664122138 7.633587786259542E-4 7.633587786259542E-4 7.633587786259542E-4 0.15343511450381678 7.633587786259542E-4 7.633587786259542E-4 0.2297709923664122 0.5351145038167939 7.633587786259542E-4 
0.00196078431372549 0.00196078431372549 0.00196078431372549 0.00196078431372549 0.00196078431372549 0.00196078431372549 0.00196078431372549 0.00196078431372549 0.9823529411764707 0.00196078431372549 
7.633587786259542E-4 7.633587786259542E-4 7.633587786259542E-4 7.633587786259542E-4 0.3061068702290076 7.633587786259542E-4 7.633587786259542E-4 0.07709923664122138 0.6114503816793894 7.633587786259542E-4 
7.633587786259542E-4 7.633587786259542E-4 7.633587786259542E-4 7.633587786259542E-4 0.2297709923664122 7.633587786259542E-4 7.633587786259542E-4 0.15343511450381678 0.6114503816793894 7.633587786259542E-4 
8.264462809917356E-4 8.264462809917356E-4 8.264462809917356E-4 8.264462809917356E-4 0.33140495867768593 8.264462809917356E-4 8.264462809917356E-4 8.264462809917356E-4 0.5793388429752067 0.0834710743801653 
0.0012345679012345679 0.0012345679012345679 0.0012345679012345679 0.0012345679012345679 0.0012345679012345679 0.0012345679012345679 0.0012345679012345679 0.0012345679012345679 0.9888888888888889 0.0012345679012345679 
0.0012345679012345679 0.0012345679012345679 0.0012345679012345679 0.0012345679012345679 0.24814814814814815 0.0012345679012345679 0.0012345679012345679 0.0012345679012345679 0.7419753086419754 0.0012345679012345679 
9.900990099009901E-4 9.900990099009901E-4 9.900990099009901E-4 9.900990099009901E-4 9.900990099009901E-4 9.900990099009901E-4 9.900990099009901E-4 9.900990099009901E-4 0.9910891089108911 9.900990099009901E-4 
2.557544757033248E-4 0.025831202046035805 0.2815856777493606 2.557544757033248E-4 0.4861892583120205 0.025831202046035805 2.557544757033248E-4 2.557544757033248E-4 0.17928388746803067 2.557544757033248E-4 
0.0012345679012345679 0.0012345679012345679 0.0012345679012345679 0.0012345679012345679 0.0012345679012345679 0.0012345679012345679 0.0012345679012345679 0.0012345679012345679 0.9888888888888889 0.0012345679012345679 
7.633587786259542E-4 7.633587786259542E-4 0.3061068702290076 7.633587786259542E-4 0.3061068702290076 7.633587786259542E-4 7.633587786259542E-4 7.633587786259542E-4 0.38244274809160306 7.633587786259542E-4 
1.996007984031936E-4 1.996007984031936E-4 0.43932135728542915 1.996007984031936E-4 0.21976047904191615 0.06007984031936127 0.06007984031936127 1.996007984031936E-4 0.21976047904191615 1.996007984031936E-4 
7.633587786259542E-4 7.633587786259542E-4 7.633587786259542E-4 7.633587786259542E-4 7.633587786259542E-4 7.633587786259542E-4 7.633587786259542E-4 7.633587786259542E-4 0.9931297709923664 7.633587786259542E-4 
2.7700831024930745E-4 0.6650969529085873 2.7700831024930745E-4 2.7700831024930745E-4 0.24958448753462603 2.7700831024930745E-4 2.7700831024930745E-4 2.7700831024930745E-4 0.08337950138504155 2.7700831024930745E-4 
4.524886877828054E-4 4.524886877828054E-4 4.524886877828054E-4 4.524886877828054E-4 4.524886877828054E-4 4.524886877828054E-4 4.524886877828054E-4 0.9506787330316743 0.045701357466063346 4.524886877828054E-4 
3.0211480362537764E-4 0.7555891238670696 3.0211480362537764E-4 3.0211480362537764E-4 0.18157099697885196 3.0211480362537764E-4 3.0211480362537764E-4 0.03051359516616314 0.03051359516616314 3.0211480362537764E-4 
0.07709923664122138 0.15343511450381678 0.38244274809160306 7.633587786259542E-4 0.15343511450381678 7.633587786259542E-4 7.633587786259542E-4 7.633587786259542E-4 0.2297709923664122 7.633587786259542E-4 
0.0014084507042253522 0.0014084507042253522 0.0014084507042253522 0.0014084507042253522 0.0014084507042253522 0.2830985915492958 0.0014084507042253522 0.0014084507042253522 0.7056338028169015 0.0014084507042253522 
9.900990099009901E-4 9.900990099009901E-4 9.900990099009901E-4 9.900990099009901E-4 9.900990099009901E-4 9.900990099009901E-4 0.595049504950495 9.900990099009901E-4 0.39702970297029705 9.900990099009901E-4 
0.0014084507042253522 0.0014084507042253522 0.0014084507042253522 0.0014084507042253522 0.0014084507042253522 0.0014084507042253522 0.0014084507042253522 0.0014084507042253522 0.9873239436619718 0.0014084507042253522 
0.001098901098901099 0.001098901098901099 0.001098901098901099 0.001098901098901099 0.110989010989011 0.001098901098901099 0.22087912087912087 0.001098901098901099 0.6604395604395604 0.001098901098901099 
9.900990099009901E-4 9.900990099009901E-4 9.900990099009901E-4 9.900990099009901E-4 9.900990099009901E-4 9.900990099009901E-4 9.900990099009901E-4 9.900990099009901E-4 0.9910891089108911 9.900990099009901E-4 
3.558718861209964E-4 3.558718861209964E-4 0.10711743772241991 3.558718861209964E-4 0.14270462633451955 3.558718861209964E-4 3.558718861209964E-4 3.558718861209964E-4 0.21387900355871883 0.5341637010676156 
9.900990099009901E-4 9.900990099009901E-4 9.900990099009901E-4 9.900990099009901E-4 9.900990099009901E-4 9.900990099009901E-4 9.900990099009901E-4 9.900990099009901E-4 0.9910891089108911 9.900990099009901E-4 
0.0012345679012345679 0.0012345679012345679 0.0012345679012345679 0.0012345679012345679 0.0012345679012345679 0.0012345679012345679 0.0012345679012345679 0.0012345679012345679 0.9888888888888889 0.0012345679012345679 
1.6366612111292964E-4 1.6366612111292964E-4 1.6366612111292964E-4 1.6366612111292964E-4 1.6366612111292964E-4 1.6366612111292964E-4 0.9985270049099836 1.6366612111292964E-4 1.6366612111292964E-4 1.6366612111292964E-4 
7.092198581560284E-4 7.092198581560284E-4 7.092198581560284E-4 0.14255319148936169 0.07163120567375887 7.092198581560284E-4 7.092198581560284E-4 7.092198581560284E-4 0.7099290780141844 0.07163120567375887 
7.092198581560284E-4 7.092198581560284E-4 7.092198581560284E-4 7.092198581560284E-4 0.07163120567375887 7.092198581560284E-4 7.092198581560284E-4 7.092198581560284E-4 0.922695035460993 7.092198581560284E-4 
0.5338747099767982 2.320185614849188E-4 2.320185614849188E-4 2.320185614849188E-4 0.04663573085846867 2.320185614849188E-4 2.320185614849188E-4 2.320185614849188E-4 0.4178654292343388 2.320185614849188E-4 
0.0014084507042253522 0.0014084507042253522 0.0014084507042253522 0.0014084507042253522 0.0014084507042253522 0.0014084507042253522 0.8464788732394366 0.0014084507042253522 0.14225352112676057 0.0014084507042253522 
2.1231422505307856E-4 2.1231422505307856E-4 2.1231422505307856E-4 2.1231422505307856E-4 2.1231422505307856E-4 2.1231422505307856E-4 2.1231422505307856E-4 2.1231422505307856E-4 0.9980891719745222 2.1231422505307856E-4 
9.009009009009009E-4 9.009009009009009E-4 0.2711711711711712 9.009009009009009E-4 9.009009009009009E-4 0.09099099099099099 9.009009009009009E-4 9.009009009009009E-4 0.6315315315315315 9.009009009009009E-4 
5.847953216374269E-4 5.847953216374269E-4 5.847953216374269E-4 5.847953216374269E-4 0.11754385964912278 5.847953216374269E-4 0.05906432748538011 5.847953216374269E-4 0.819298245614035 5.847953216374269E-4 
1.2033694344163659E-4 0.3851985559566787 0.16859205776173286 0.04825511432009627 0.13249097472924187 0.06028880866425993 0.06028880866425993 0.024187725631768953 0.09638989169675091 0.024187725631768953 
8.264462809917356E-4 8.264462809917356E-4 0.0834710743801653 8.264462809917356E-4 0.0834710743801653 8.264462809917356E-4 0.0834710743801653 8.264462809917356E-4 0.7446280991735538 8.264462809917356E-4 
0.51019955654102 2.2172949002217295E-4 2.2172949002217295E-4 0.022394678492239466 0.022394678492239466 2.2172949002217295E-4 2.2172949002217295E-4 2.2172949002217295E-4 0.4436807095343681 2.2172949002217295E-4 
4.149377593360996E-4 4.149377593360996E-4 4.149377593360996E-4 4.149377593360996E-4 4.149377593360996E-4 4.149377593360996E-4 4.149377593360996E-4 4.149377593360996E-4 0.9962655601659751 4.149377593360996E-4 
0.0016393442622950822 0.0016393442622950822 0.0016393442622950822 0.0016393442622950822 0.0016393442622950822 0.0016393442622950822 0.0016393442622950822 0.0016393442622950822 0.9852459016393443 0.0016393442622950822 
4.329004329004329E-4 4.329004329004329E-4 4.329004329004329E-4 0.087012987012987 0.087012987012987 4.329004329004329E-4 4.329004329004329E-4 4.329004329004329E-4 0.7796536796536797 0.04372294372294372 
7.633587786259542E-4 7.633587786259542E-4 7.633587786259542E-4 7.633587786259542E-4 7.633587786259542E-4 7.633587786259542E-4 7.633587786259542E-4 7.633587786259542E-4 0.916793893129771 0.07709923664122138 
0.8363344051446946 3.215434083601286E-4 3.215434083601286E-4 3.215434083601286E-4 0.06463022508038584 3.215434083601286E-4 3.215434083601286E-4 3.215434083601286E-4 0.0967845659163987 3.215434083601286E-4 
0.40769230769230763 0.09095022624434387 0.13619909502262442 4.524886877828054E-4 0.09095022624434387 4.524886877828054E-4 4.524886877828054E-4 0.09095022624434387 0.18144796380090494 4.524886877828054E-4 
2.6246719160104987E-4 0.079002624671916 2.6246719160104987E-4 2.6246719160104987E-4 0.2627296587926509 0.6301837270341207 2.6246719160104987E-4 2.6246719160104987E-4 0.026509186351706036 2.6246719160104987E-4 
7.633587786259542E-4 0.07709923664122138 0.38244274809160306 7.633587786259542E-4 0.3061068702290076 7.633587786259542E-4 7.633587786259542E-4 7.633587786259542E-4 0.2297709923664122 7.633587786259542E-4 
5.235602094240837E-4 5.235602094240837E-4 0.10523560209424082 0.05287958115183246 0.10523560209424082 5.235602094240837E-4 0.05287958115183246 5.235602094240837E-4 0.6287958115183245 0.05287958115183246 
6.622516556291391E-4 6.622516556291391E-4 6.622516556291391E-4 6.622516556291391E-4 6.622516556291391E-4 6.622516556291391E-4 0.795364238410596 6.622516556291391E-4 0.19933774834437085 6.622516556291391E-4 
0.00196078431372549 0.00196078431372549 0.00196078431372549 0.00196078431372549 0.00196078431372549 0.00196078431372549 0.00196078431372549 0.00196078431372549 0.9823529411764707 0.00196078431372549 
4.975124378109452E-4 0.05024875621890547 0.05024875621890547 4.975124378109452E-4 0.19950248756218902 0.05024875621890547 0.1497512437810945 4.975124378109452E-4 0.49800995024875616 4.975124378109452E-4 
6.211180124223602E-4 0.3111801242236024 6.211180124223602E-4 6.211180124223602E-4 0.1869565217391304 6.211180124223602E-4 6.211180124223602E-4 6.211180124223602E-4 0.4975155279503105 6.211180124223602E-4 
0.298019801980198 9.900990099009901E-4 9.900990099009901E-4 9.900990099009901E-4 0.39702970297029705 9.900990099009901E-4 9.900990099009901E-4 9.900990099009901E-4 0.298019801980198 9.900990099009901E-4 
0.49603960396039604 9.900990099009901E-4 9.900990099009901E-4 9.900990099009901E-4 9.900990099009901E-4 9.900990099009901E-4 9.900990099009901E-4 9.900990099009901E-4 0.49603960396039604 9.900990099009901E-4 
4.149377593360996E-4 4.149377593360996E-4 0.16639004149377593 4.149377593360996E-4 0.33236514522821575 4.149377593360996E-4 0.12489626556016596 4.149377593360996E-4 0.3738589211618257 4.149377593360996E-4 
6.622516556291391E-4 0.06688741721854305 6.622516556291391E-4 6.622516556291391E-4 0.19933774834437085 6.622516556291391E-4 0.6629139072847682 6.622516556291391E-4 0.06688741721854305 6.622516556291391E-4 
0.001098901098901099 0.001098901098901099 0.001098901098901099 0.001098901098901099 0.001098901098901099 0.001098901098901099 0.001098901098901099 0.001098901098901099 0.9901098901098901 0.001098901098901099 
0.0032258064516129032 0.0032258064516129032 0.0032258064516129032 0.0032258064516129032 0.0032258064516129032 0.3258064516129032 0.0032258064516129032 0.0032258064516129032 0.6483870967741935 0.0032258064516129032 
1.6366612111292964E-4 1.6366612111292964E-4 1.6366612111292964E-4 1.6366612111292964E-4 1.6366612111292964E-4 1.6366612111292964E-4 0.9985270049099836 1.6366612111292964E-4 1.6366612111292964E-4 1.6366612111292964E-4 
0.001098901098901099 0.001098901098901099 0.001098901098901099 0.001098901098901099 0.001098901098901099 0.001098901098901099 0.001098901098901099 0.001098901098901099 0.9901098901098901 0.001098901098901099 
8.264462809917356E-4 0.0834710743801653 0.0834710743801653 8.264462809917356E-4 0.33140495867768593 0.0834710743801653 0.0834710743801653 8.264462809917356E-4 0.33140495867768593 8.264462809917356E-4 
0.001098901098901099 0.001098901098901099 0.001098901098901099 0.001098901098901099 0.001098901098901099 0.001098901098901099 0.001098901098901099 0.001098901098901099 0.9901098901098901 0.001098901098901099 
6.622516556291391E-4 6.622516556291391E-4 6.622516556291391E-4 6.622516556291391E-4 6.622516556291391E-4 6.622516556291391E-4 6.622516556291391E-4 6.622516556291391E-4 0.9940397350993377 6.622516556291391E-4 
5.235602094240837E-4 5.235602094240837E-4 0.1575916230366492 5.235602094240837E-4 5.235602094240837E-4 0.05287958115183246 5.235602094240837E-4 5.235602094240837E-4 0.7858638743455497 5.235602094240837E-4 
0.001098901098901099 0.001098901098901099 0.22087912087912087 0.001098901098901099 0.110989010989011 0.001098901098901099 0.001098901098901099 0.001098901098901099 0.6604395604395604 0.001098901098901099 
0.001098901098901099 0.001098901098901099 0.001098901098901099 0.001098901098901099 0.001098901098901099 0.001098901098901099 0.001098901098901099 0.001098901098901099 0.9901098901098901 0.001098901098901099 
9.009009009009009E-4 9.009009009009009E-4 9.009009009009009E-4 9.009009009009009E-4 0.18108108108108106 9.009009009009009E-4 9.009009009009009E-4 9.009009009009009E-4 0.8117117117117117 9.009009009009009E-4 
4.739336492890995E-4 4.739336492890995E-4 0.09526066350710899 4.739336492890995E-4 0.09526066350710899 4.739336492890995E-4 4.739336492890995E-4 4.739336492890995E-4 0.8061611374407583 4.739336492890995E-4 
4.329004329004329E-4 4.329004329004329E-4 4.329004329004329E-4 4.329004329004329E-4 0.13030303030303028 4.329004329004329E-4 4.329004329004329E-4 0.17359307359307358 0.6930735930735931 4.329004329004329E-4 
0.11318267419962334 0.037853107344632764 0.0943502824858757 1.8832391713747646E-4 0.5086629001883239 1.8832391713747646E-4 1.8832391713747646E-4 0.037853107344632764 0.20734463276836157 1.8832391713747646E-4 
9.900990099009901E-4 9.900990099009901E-4 0.1 9.900990099009901E-4 9.900990099009901E-4 9.900990099009901E-4 9.900990099009901E-4 9.900990099009901E-4 0.8920792079207921 9.900990099009901E-4 
2.557544757033248E-4 0.17928388746803067 2.557544757033248E-4 2.557544757033248E-4 0.025831202046035805 0.05140664961636828 2.557544757033248E-4 2.557544757033248E-4 0.7419437340153453 2.557544757033248E-4 
8.264462809917356E-4 8.264462809917356E-4 0.0834710743801653 0.0834710743801653 0.0834710743801653 8.264462809917356E-4 8.264462809917356E-4 8.264462809917356E-4 0.7446280991735538 8.264462809917356E-4 
3.6900369003690036E-4 0.14797047970479704 3.6900369003690036E-4 0.07416974169741697 0.14797047970479704 3.6900369003690036E-4 0.14797047970479704 0.03726937269372694 0.22177121771217712 0.22177121771217712 
